svd1,svd2
1.7431920250979875,0.07125071541154096
1.6414933370304277,-0.014981009182345914
2.411045702897336,-0.3202040157395589
1.7481504107032884,-0.7585282211503731
3.078707318533883,0.9717137706372514
2.2623857267622447,-0.017074917374510102
1.4579388487036726,-1.760628854068019
1.6762214893421823,-0.746589648754726
3.3301479995264933,0.3836878513322783
0.8789060205970152,0.4209475790455135
0.41346974610789144,-0.498557764218895
1.379488633124472,0.3761961235758044
0.8195379176275275,0.14677374866953927
-0.7439673415354934,-0.25946714293753986
1.503128565225335,0.4162458249845212
2.1203964824136943,1.086604501301148
0.8437518300707819,1.300580484989688
0.27460692018082233,-0.9806756088291211
0.21931629624963841,-0.517448103598462
0.4875262414416089,-1.5387961447608007
0.7080000973242809,-0.3461306075364017
1.5851234768140587,-0.8536522915793091
2.724129810247662,0.11987375795877608
-1.0986249103088002,-1.3044991330117108
3.867583645234994,-0.24268011013635296
0.4334086940078043,-0.7423487623369779
2.762753358302535,0.5297359494901763
0.028513490445009698,0.44396888194034745
1.7314341031818767,-1.3746750577122615
2.715221026685435,0.42008698166669384
0.32172284380608884,-0.09936414133569266
1.545231429749818,-0.6381446544928162
2.3343717968365105,-0.57988591621956
0.19804036940958453,-0.5747912688105834
2.3351720620024823,-0.695399292683097
1.5649038304776421,1.1399215883397262
0.21268160912345221,1.1893144003471139
0.6033369123951184,-1.1680131517730958
-0.09086293963097801,-0.027939719171957398
2.089697954496319,-0.23008131641596175
1.0025970946147764,-0.3133565066855156
1.4671051476923114,-0.3462229599585433
2.1309498906742355,-0.38239265329000593
2.7436238751348947,-0.861895875666345
1.4023734991910273,-0.3664227228388716
0.25577409073892776,-0.27244314119801083
2.582123555713248,0.5661848614952883
1.4379645863617474,-0.8864563575681792
2.4478052595825797,-0.021143185713996617
2.025671098994045,0.3478102912071551
0.4310371107187625,-0.19944146291216858
2.2616574507250093,0.3099420767215352
1.4899411540912142,-1.1066326364887376
0.3179559858427798,-1.0482148996304737
1.0951881015493274,0.7908614811610919
2.146403762853548,-0.2811974505585484
-0.8248174036511915,-1.0954824654300213
1.001581019041453,-0.2973290716405105
-0.008641061684616985,-0.6270633371439109
2.468970064898511,-0.1918248161093835
0.513616436436629,0.05639173218802957
-2.8299447030485156,4.517740858131599
-2.9887694526931896,0.9468972888408872
-2.7419237470682587,4.009298235491773
-1.9917695744592794,3.033222322342877
-0.904797960568707,-0.010375431358306656
-0.8500808485713768,0.3806908563898023
-1.6050916207174764,1.5696165421080848
-1.4103052414950936,1.1340962519955666
1.0183085242534726,1.771729340705073
-2.961940106267363,0.022297427249337025
-0.4639954471023174,-1.3941257020296003
-0.32000971694829106,0.13457729651365527
-1.4077107448742945,2.632065305648798
-1.2930487368911723,0.7553996387893527
0.24567128840078925,-0.49015461697328105
-0.9124349292251629,2.0787672978069343
1.446718055561407,3.4572668806040796
-3.025584989743362,-1.311505736998908
-0.2692953795486085,0.4689903669328306
-1.8972556685415902,2.464476640121077
-0.9723133886650149,1.1043753611787375
-1.1463744822577497,1.998927909411174
-1.6097482919756814,2.4013164004693195
-3.6654503228596873,4.306218013524577
-2.107101721451001,2.63932936446184
-2.836279341445882,3.52909257869891
-0.5473621006616873,3.622429506258683
-1.3938711304152995,3.632607134669886
-1.0294677397933496,0.9500397916143292
-1.8095586353455606,1.6338201215007673
-0.9478493851276483,3.512250444389728
-1.0819482629193975,2.451381072138177
-1.1026001528948235,2.904718406348256
-0.8068350356026757,0.1810909772999036
-1.6880282432677494,4.600700836877401
0.016477431439315356,2.7204562131363996
-2.929963157433489,2.4192908730914504
0.3316532413051757,4.41802502233559
-1.7084796604503736,1.5126345408014832
-0.9795502491590601,0.9290538581094715
-1.4344864478959651,-1.6363330860383853
0.2323303313720224,-0.7401156944054981
-1.63175668081079,1.5097891369734742
-1.4370374282051432,-0.937608536425502
-0.4403367015564562,-2.1561069954933987
-0.21590262049841277,1.0455995171534727
-0.5469370585919548,1.684558144431478
-1.5340668622602447,2.7330950933840485
-1.6074945412220858,-0.511708602715969
-0.9137364308403317,0.6350798613718761
-0.6501050805622401,2.1909404771123713
-1.6433007078945645,4.646864486260942
-0.14286221582497455,1.3938113035352364
-0.800532948998442,0.01065934126338775
-0.8418645917152617,0.40995231922950603
0.44098738783112945,-1.0065541895160208
-1.5611361071483996,0.0725740995629384
-1.8928459087363336,-0.3811533687035148
-1.0624025499230425,0.09215308187556301
-2.284017269949226,3.094443721468535
-0.021487255497447365,0.9440433303289765
-0.16409950599901005,1.8318308522335451
-1.9361300934553503,-0.04669285772209058
-0.46110694620887205,0.739140169922849
-2.0815793383607963,1.0572114377354207
0.560138224397704,1.097885897026445
-1.75278811027956,-0.1450532311752329
-1.644892893853765,2.0481092028975922
-1.2733065465508602,1.7730530913202682
0.5835038436632646,0.45262112907053076
-0.02069900388145707,1.5076207473583467
-0.790980556204135,1.62998293063318
-1.0636477000356037,2.674983956297809
-2.2968990847578454,1.3518706809341678
0.1562322013086564,1.7712782146370676
-0.45363798507935127,2.5891483260174537
-0.6683095404596243,1.0370707044448506
-1.929685870827079,0.6484583965745447
-0.5425458881378027,1.4820323357629201
2.804699839970086,-0.14167342177204065
2.761160966127827,2.1309045216500677
1.6877939594263136,0.4713217110436232
1.9197259584271493,-0.08336032283575352
2.262978077690143,0.18954928982701877
-1.5599853653099056,-1.3458247182377028
0.29016057330282824,0.6171740567333713
2.367004921090417,0.3341890944477846
2.5637551536009635,-0.29120172351623647
0.6094038162557964,-1.0886759923426945
1.5909180147543518,0.7094038087119552
2.4371848884968426,-0.06703564629035888
3.4199036104587512,0.8545377424103585
2.792124234347767,-0.36692341165096704
2.2402148706067404,-1.1409328989730174
1.8472515687232305,0.25161392228067353
2.598541581051545,0.4262363982138665
3.195233233608382,0.1487542418224964
3.149497453779944,0.0006252638748568093
1.8766869791757639,0.47577899108118654
2.2871899587126534,-1.0770742280068046
1.7261910944648684,-0.23026000245949327
-0.3867948156730705,-0.949099685669702
3.415170854090443,1.2684688928196761
2.145187744600532,0.07213203237252766
2.8490106726350586,0.09071412654713998
2.963331669499554,-1.2257139797852803
2.7059518362844788,-0.44501544287724387
1.0942473345257975,0.698496178135096
0.702514835952073,-0.7780631690030336
2.1900069578086936,-0.42598644191606383
1.3869704379911205,1.1415663485469398
3.059555344782976,2.0447653930640954
-0.22106857105759753,0.3515237797943175
2.24974072863467,0.6090708172418445
1.6624745939725951,-1.1705743735034813
3.3317725143390122,1.2447355608584043
2.49119151387083,-0.2898689200346844
2.884318311536734,-1.440968129525261
2.8033390579039406,0.5690085100159282
1.8755310557910263,0.34485282918244275
1.2437821548331496,-0.13480045364122573
2.867796738126336,0.8841023081640127
2.379836166182848,-0.8857531184039056
0.8381035036894839,-0.9515046468676616
1.8291831757522792,-0.06295824290311627
2.8942426551625315,0.7058559281334913
4.258071274536079,0.03413487431120486
4.349700331384013,1.8271430837889007
0.3810196478396442,-0.5576478569335859
-1.9929734607241432,-0.17015088005059184
-3.3681563248726,0.34746189281186013
-0.1769846496763692,-0.9281300683142719
-2.205610430353296,-0.41191697632454066
-0.03208722473047137,-1.269977889183994
-1.9371823663906282,0.38628172020065765
-1.4891748223361139,-0.3872919114392979
-1.1819783491531302,-0.25100068014220966
-1.7406659030064142,-0.8965596288590473
-1.6214266833298763,-1.8045071623304145
-1.906231160971358,1.7421492333596877
-1.7838313947856281,-1.425501573745304
-1.8276040427749396,-0.6694210012652767
-1.5961666449095404,-0.49249331039123395
-1.7949202639779247,0.488045239547112
-0.23464988619595434,-0.43789994867625054
-0.9344056829521276,-0.7046110291060546
-2.035925606105418,0.028867210980154146
-0.7304525322614216,0.8107573112946653
-1.5905325295398776,-0.6110765213365497
-0.9808524890408363,-1.0813525631798908
-1.4325608261311609,-0.049961936995359106
-0.8130037005588957,-1.936458497825129
-1.4311826409229444,0.03565458797358684
-0.6604902626982644,-1.4516144468789771
-1.3658052128902878,1.0814536781408013
-0.9523640982357072,0.3877476076590005
-1.127422766137669,1.62530679763437
-1.870314146052773,-0.7345879440842304
-1.4519253222047388,0.28059755331563896
-1.7314714731877006,-0.8283833985369278
-1.9888338495156337,0.18900168311987836
-1.3875232651603477,-1.5353779515303947
-1.0863871756620713,0.627317178042689
-1.1733459645784248,0.8870926960744827
-1.7596042587437144,-1.6283055576139498
-2.0444870693110118,-0.16877521077068156
-1.2900246662622439,-1.5574889974603816
-2.800156338103414,0.035964708635251655
-2.5103674692002826,0.06952005341154799
-3.3474296653932707,-1.0952608222659534
-3.8942816835010583,-1.0053291924269532
-4.361915469584711,-0.3381298951164389
-3.09318850099057,-1.8687483060197578
-2.5047712348865896,-2.5644844133033726
-3.206426992922657,-3.0800763453758457
-3.201604901343351,-1.6165893596350913
-3.1606370309220835,-1.6194252550488437
-3.5137470853101838,0.04302571470175139
-3.70826352770447,-1.532694565839971
-4.703796645004172,-0.9618775235168456
-2.848345850721017,-2.4856097798761225
-2.1750520646435656,-1.9798674466992516
-4.052334784448548,-1.381048829497474
-2.771465311130127,-1.2375135636874484
-2.553360824515761,-2.4263668956310696
-2.7329874824882805,-2.466225841475993
-4.027278354014129,-1.1785407195306212
-3.3539091831598626,-2.6693420541405413
-2.755392091934114,-2.087190358536424
-3.5635544982070226,-0.39978263733753616
-3.0019583261765743,-3.060753693423592
-2.7815756585199543,-2.0406175410534244
-3.067789578837846,-1.021607068516162
-3.8358818681755182,-1.391151420823392
-3.589177165169586,-1.9284002906664859
-3.2065073584613617,-1.734923140339281
-2.732825380257048,-1.855299573522846
-3.234434735250763,-1.1820525364203391
-2.838890776600366,-2.822268218332455
-3.605533471829261,-1.7489038201786666
-2.0170735294579805,-2.58458371257514
-2.684445805479496,-1.6074779399968242
-3.1328949621475637,-0.6007120372224138
-2.248941569731387,-1.5789957652246518
2.8534225991225735,-0.6655249622052634
1.3984645997941976,-1.414292681728266
2.998726222582093,-1.3271905096667884
2.511375057130689,-0.7594426697515305
2.7687174467442177,-2.0199177394969827
3.0118959944706765,-1.0150979739312573
2.313831474153144,0.3311158599625916
2.0312245248075884,-0.978798767385366
2.0465590594434553,-0.4639835584300069
2.1822527529658777,-0.5275984557159347
1.625999151243641,-1.3339859758822465
0.38921837265984877,-0.9043329832606672
0.4162529601353868,-1.6344011257390891
1.9851971197037812,-1.3542335180049545
1.5478919760260206,-0.6645636931617583
2.1491916663357276,-1.0272818956425556
2.1144690625742104,-1.101264980048583
2.811114104799789,-0.7003894914070207
2.877183792448954,-0.46684370703662353
2.502286550449582,-0.8475635142900768
1.20698272460614,-1.3179845632747063
2.453779473341633,0.32980833248330693
2.5499112142757707,-0.3467111627208268
2.0561456905527056,-1.0768561983869593
1.9743606896172101,-0.37407201655555367
1.458678630115992,-1.2550608921486288
2.548213777689666,-0.4578634247315318
1.3147829974608858,-0.5676833849079375
0.3026601759319991,-2.0888751818559816
1.2484339909018694,-1.966797875329857
3.196949473864003,-1.1116661103308383
2.79776736031078,-0.6278738581690222
2.4728647170519764,-0.9018532704071671
2.27639904046394,-1.4699611194209854
2.4829033269908085,-0.45153014600049346
